16  +000 +165 +168 +344 +160 +158 +151 +X_X +000 +166 +196 +143 +X_X +X_X +327 +000
15  +349 +180 +163 +352 +154 +160 +307 +X_X +160 +338 +344 +346 +101 +303 +332 +X_X
14  +141 +352 +135 +140 +313 +154 +135 +X_X +344 +348 +160 +304 +140 +324 +327 +X_X
13  +346 +346 +121 +335 +278 +158 +123 +330 +X_X +X_X +X_X +X_X +X_X +X_X +X_X +X_X
12  +321 +095 +330 +327 +123 +298 +324 +X_X +155 +321 +112 +304 +318 +135 +135 +151
11  +135 +341 +324 +298 +313 +042 +332 +149 +157 +341 +146 +128 +123 +327 +098 +X_X
10  +335 +143 +330 +321 +154 +151 +143 +104 +292 +151 +120 +310 +140 +161 +135 +135
9   +349 +298 +140 +143 +115 +106 +288 +X_X +146 +299 +321 +146 +335 +163 +321 +X_X
8   +185 +346 +157 +310 +327 +X_X +343 +151 +135 +145 +X_X +143 +132 +129 +151 +151
7   +140 +151 +160 +171 +160 +327 +101 +307 +310 +321 +300 +332 +104 +135 +150 +151
6   +351 +327 +310 +309 +140 +327 +307 +330 +X_X +X_X +X_X +X_X +X_X +X_X +X_X +X_X
5   +155 +157 +163 +X_X +118 +275 +123 +110 +140 +106 +335 +163 +106 +286 +137 +163
4   +X_X +X_X +X_X +X_X +314 +X_X +143 +X_X +318 +151 +X_X +X_X +143 +145 +146 +341
3   +165 +177 +X_X +318 +150 +132 +X_X +X_X +161 +321 +157 +149 +132 +313 +330 +160
2   +165 +310 +126 +318 +140 +140 +304 +132 +327 +149 +149 +160 +315 +150 +343 +123
1   +123 +140 +137 +146 +143 +X_X +298 +346 +332 +140 +149 +158 +324 +112 +321 +149
      1    2    3    4    5    6    7    8    9    10   11   12   1    14   15   16
